0.0620909122308164
0.065527179665972
0.06811009614628
0.0648329943068181
0.0679205238374849
0.0673705419870214
0.0661777936169527
0.0623617417915521
0.0648904241392105
0.0666271603084107
0.0661043850220213
0.0658321348309964
0.0648267654446497
0.0669790349857931
0.0656262184544579
0.0666390358272995
0.0611896038501743
0.06849289198082
0.0667106188381948
0.0663102828459323
0.0660071549769894
0.0668546469124867
0.0677148401688796
0.063465593096475
0.0680764041194068
0.0634094684966328
0.0670352742575494
0.0639619817284743
0.0665003593326061
0.064833702534993
0.0666322982582571
0.0669592184586017
0.0709835910648394
0.0659059270546882
0.0672475203700454
0.0657123789747143
0.0651538207902164
0.0667935556999908
0.065581266961656
0.0668485542512681
