0.0675142221013413
0.0614640101090134
0.0671714296586084
0.0624617791901773
0.0638726966362628
0.0658971995508876
0.063333148172204
0.0672511412947456
0.0666472550686561
0.0637639384070552
0.065392066871443
0.0654919646427421
0.0646749196406668
0.0654597457941673
0.0666068028454072
0.0665394369861725
0.0671984489391012
0.0685764532312486
0.0675614446982641
0.0650371409495342
0.0679619509825702
0.0657833976425252
0.0663133157526523
0.0636709382512282
0.0632104045962421
0.0635772239622814
0.06575471274265
0.0668782967205596
0.0646810885740799
0.0655920912907325
0.0660335495481681
0.0651024270188238
0.0669274126515712
0.0673830046608905
0.0678076956039387
0.0675432886879287
0.0664200043707219
0.0661465147150865
0.0673686875440843
0.066978980233982
